1000046162248
1001190508849
1001463354043
1003233974297
1003695138110
1004418816501
1005782992766
1005934084362
1006345795805
1006346760265
1006665689352
1006923229024
1006954720415
1007254462376
1007311496164
1007313236586
1007473846648
1007712991451
1007851276032
1007901881439
1008227051828
1008860702285
1008868194618
1009589129089
1009682572620
1009685493971
1009690917669
1009796277318
1010187802107
1010725680144
1010773614705
1011195099037
1011555553975
1011604298047
1011777372037
1011951064553
1012583183520
1012628317658
2262483997
2272897911
2311733905
2321091843
2342589311
2369176748
2380188722
2655753508
