1000046162248
1000643151669
1001463354043
1003233974297
1003695138110
1004418816501
1004430050225
1005782992766
1005934084362
1006249545593
1006346760265
1006923229024
1006954720415
1007254462376
1007313236586
1007473846648
1008227051828
1008622084773
1008860702285
1008868194618
1008973146907
1009417714028
1009589129089
1009682572620
1009685493971
1009690917669
1009698271449
1009796277318
1010725680144
1010773614705
1011195099037
1011555553975
1011604298047
1011951064553
1012583183520
1012628317658
1012893329720
1013391767921
1013525112146
2262483997
2272897911
2311733905
2321091843
2369176748
